part one: 563
[459010164236 822787238930]
[1708595883983 1909532685738]
[1909532685738 2356756942759]
[2727821450473 3340299640579]
[3340299640580 3627969709652]
[3811607178621 4081675716328]
[4590169517791 5221298087814]
[5221298087814 5845643808551]
[6600924130212 7444318394218]
[7648228942274 7897731755256]
[11562463563199 18329087766001]
[23956737879583 28622963935851]
[31314012134697 34077678147946]
[31314012134697 38289146357504]
[43073032066090 49251433333982]
[50650192430993 52130829319473]
[52130829319474 52880663948995]
[52880663948996 53842968937424]
[53842968937425 54955075378575]
[54955075378576 55965788224234]
[55965788224235 56966989766365]
[56966989766366 58238248382778]
[58238248382779 58906664319153]
[58906664319154 59879231977934]
[63107431158211 64549017086535]
[64549017086536 69089566650446]
[73622261592470 78368864856562]
[78368864856562 78368864856562]
[82147453568207 84776658354339]
[84776658354341 90046495985385]
[92219205556280 97580264143478]
[97580264143479 99527846051448]
[101450700607316 101450700607316]
[101450700607317 106472683347649]
[111838895260979 117094893375877]
[111838895260979 117094893375877]
[121449485422025 121449485422025]
[121449485422025 129884332810178]
[131234255850576 137062902674911]
[137062902674912 137062902674912]
[142908285233132 146191319211377]
[146191319211378 148928182943279]
[154354622006539 154354622006539]
[154354622006539 157453469587934]
[163318839464148 163318839464148]
[163318839464149 167177497489124]
[173867301639925 176240640987268]
[176240640987270 178847650802940]
[181836090026423 187133491027023]
[181836090026423 188217989877988]
[191383217925987 193740672523902]
[193740672523903 195029211979726]
[195029211979727 196647888828768]
[196647888828769 197931294682307]
[197931294682308 199433303049802]
[199433303049803 200502677914655]
[203443194067628 203933432910977]
[205173320654056 206051449292310]
[206051449292310 206470060622464]
[206051449292310 206639071565785]
[206639071565785 207304603090383]
[207866368794809 208446995196529]
[208725672081644 208995628405837]
[210005855985412 210154987714222]
[210005855985412 210549428703488]
[213282678483051 217578951006125]
[217578951006126 220375303342442]
[222235372532517 229028822916590]
[234586469402843 238198950451156]
[238198950451157 238198950451157]
[242450869652517 250877827576819]
[252433626704883 260061486329253]
[260061486329253 260061486329253]
[265252883201638 269190040850024]
[265252883201638 269190040850024]
[272614047343400 277766344260508]
[282103439366027 282811585081172]
[282811585081173 283426891017632]
[282811585081173 283426891017632]
[282811585081172 283522815708147]
[283522815708148 283904486146961]
[283522815708148 284036251378482]
[283522815708148 284036251378482]
[283522815708147 283522815708147]
[284036251378482 284592982874520]
[284592982874520 284889275037951]
[284889275037951 285337573624635]
[285337573624636 285557627386426]
[285557627386426 286298272038457]
[286298272038458 286665795820799]
[287379516759852 287963386979452]
[288819540858543 289732112842441]
[288819540858543 289732112842441]
[289732112842442 289927106556831]
[294297486844512 296164416018016]
[296164416018017 299046449889301]
[301956083638360 307163599509656]
[307163599509657 310322684117777]
[313521138229416 320364244125646]
[325663773852006 328742269957098]
[328742269957098 328742269957098]
[336185428498850 340128853274593]
[340128853274594 340128853274594]
[343608343658787 346343013406331]
[343608343658787 349486968016855]
[352070211023717 353583840322516]
[353583840322517 355006194373241]
[355006194373242 355829534227523]
[355829534227524 356961978424786]
[356961978424787 358284721371764]
[358284721371765 359488291571889]
[359488291571890 360462576296801]
[360462576296802 361422333382878]
[362754678790488 368199822970279]
[372528206409103 375764731455724]
[375764731455726 379099669341280]
[384980372022383 384980372022383]
[384980372022383 389006578880062]
[392633898190960 400562908625803]
[404190643739100 408213916357702]
[404190643739100 408213916357702]
[415995383355085 415995383355085]
[415995383355086 418601199927456]
[423420802261041 430543339190155]
[432699609410984 440661544775439]
[444827419361595 451800098044043]
[444827419361595 451800098044043]
[456199144939177 459525942526206]
[459525942526207 459525942526207]
[463493316343339 469362738286899]
[469362738286900 471334211762712]
[474922814171466 476551147548164]
[476551147548166 480592004834004]
[484025043897742 489248708112258]
[496653674559961 496653674559961]
[496653674559961 498166797604837]
[503139165919699 507064243567239]
[507064243567240 511953396823239]
[514636401848126 515021264549070]
[515546891366899 516365566181711]
[516668731856740 516826848891136]
[517803425605817 518054191542013]
[517803425605817 518352016878202]
[518602829412794 519443780540781]
[519443780540781 519633512362687]
[519633512362687 520345553919679]
[519633512362687 520345553919679]
[520345553919680 520945760876904]
[520945760876904 521172857358597]
[523020705694172 524681162845767]
[524681162845768 525409953554452]
[525409953554453 526380411135762]
[526380411135763 527695520308656]
[527695520308657 528402608506153]
[528402608506154 529471263275682]
[529471263275683 530556181878483]
[530556181878484 531523921526216]
[531523921526217 532382284125787]
[536745635162015 542009870509829]
[542009870509829 542009870509829]
[544317206779688 544317206779688]
[544317206779689 552355052009161]
[553391357437896 559252440639087]
[553391357437896 562488274516946]
part two: 380108178976527
